0 0 0 9
25 25 25 775
1 5 1 7
108 441 108 608
2 1 2 3
191 108 191 275
2 4 2 5
191 358 191 441
3 0 3 2
275 25 275 191
3 4 3 5
275 358 275 441
3 6 3 7
275 525 275 608
4 3 4 4
358 275 358 358
4 7 4 8
358 608 358 691
5 1 5 2
441 108 441 191
5 6 5 8
441 525 441 691
6 2 6 4
525 191 525 358
6 6 6 7
525 525 525 608
6 8 6 9
525 691 525 775
7 3 7 6
608 275 608 525
7 8 7 9
608 691 608 775
8 2 8 5
691 191 691 441
8 6 8 8
691 525 691 691
0 0 9 0
25 25 775 25
4 1 8 1
358 108 691 108
0 2 1 2
25 191 108 191
3 2 4 2
275 191 358 191
6 2 9 2
525 191 775 191
1 3 5 3
108 275 441 275
0 4 3 4
25 358 275 358
5 4 6 4
441 358 525 358
3 5 4 5
275 441 358 441
5 5 6 5
441 441 525 441
1 6 2 6
108 525 191 525
4 6 5 6
358 525 441 525
6 6 8 6
525 525 691 525
2 7 4 7
191 608 358 608
7 7 8 7
608 608 691 608
1 8 4 8
108 691 358 691
9 0 9 9
775 25 775 775
0 9 9 9
25 775 775 775
