3 22 1
0 0 0 7
1 1 1 2
1 3 1 4
2 2 2 3
2 4 2 6
3 2 3 3
4 2 4 3
4 5 4 6
5 4 5 6
0 0 6 0
3 1 6 1
0 2 1 2
4 2 5 2
1 3 4 3
5 3 6 3
2 4 3 4
4 4 5 4
1 5 2 5
3 5 4 5
0 6 1 6
6 0 6 7
0 7 6 7
724.000000 59.000000 -5.940000
2 0 1
1 3420 170.452152 120.779484 0.587213 -0.809433
1 3560 137.568231 166.107708 0.587213 -0.809433
0 0 0.000000 0.000000 0.000000 0.000000
0 0 0.000000 0.000000 0.000000 0.000000
0 0 0.000000 0.000000 0.000000 0.000000
0 0
0 0 0 0
0 0 0 0
0 0 0 0
0 0 0 0
0 0 0 0
0 0 0 0
0 0 0 0
0 0 0 0
0 0 0 0
0 0 0 0
674.000000 250.000000 0.300000
0 0 1
0 1000 0.000000 0.000000 0.000000 0.000000
0 5120 0.000000 0.000000 0.000000 0.000000
0 0 0.000000 0.000000 0.000000 0.000000
0 0 0.000000 0.000000 0.000000 0.000000
0 0 0.000000 0.000000 0.000000 0.000000
0 0
0 0 0 0
0 233 0 0
1 30292 0 0
0 0 0 0
1065353216 1065353216 0 0
0 0 0 0
0 0 0 0
0 0 0 0
0 0 0 0
0 0 0 0
332.000000 231.000000 5.360000
0 0 0
0 21961 0.000000 0.000000 0.000000 0.000000
0 32584 0.007813 0.007813 0.000000 0.000000
0 1200 0.000000 0.000000 0.000000 0.000000
0 0 0.000000 0.000000 0.000000 0.000000
0 0 0.000000 0.000000 0.000000 0.000000
0 0
0 0 0 0
0 0 0 0
-1825686032 21961 0 0
21961 -1826240640 0 0
0 0 0 0
32584 2 0 0
0 0 0 0
21961 0 0 0
0 0 0 0
32584 -1826559920 201 0
1 -1 0 6840 343
