3 22 1
0 0 0 7
1 1 1 2
1 3 1 4
2 2 2 3
2 4 2 6
3 2 3 3
4 2 4 3
4 5 4 6
5 4 5 6
0 0 6 0
3 1 6 1
0 2 1 2
4 2 5 2
1 3 4 3
5 3 6 3
2 4 3 4
4 4 5 4
1 5 2 5
3 5 4 5
0 6 1 6
6 0 6 7
0 7 6 7
398.000000 466.000000 -0.800000
5 0 1
1 2420 144.892704 745.884510 -0.796084 -0.605186
1 2560 189.473398 779.774948 -0.796084 -0.605186
1 2720 240.422761 818.506878 -0.796084 -0.605186
1 2880 291.372125 857.238808 -0.796084 -0.605186
1 3060 348.690159 900.812229 -0.796084 -0.605186
0 0
0 0 0 0
0 0 0 0
0 0 0 0
0 0 0 0
0 0 0 0
0 0 0 0
0 0 0 0
0 0 0 0
0 0 0 0
0 0 0 0
498.000000 71.000000 0.780000
0 0 1
0 1000 0.000000 0.000000 0.000000 0.000000
0 5120 0.000000 0.000000 0.000000 0.000000
0 0 0.000000 0.000000 0.000000 0.000000
0 0 0.000000 0.000000 0.000000 0.000000
0 0 0.000000 0.000000 0.000000 0.000000
0 0
0 0 0 0
0 233 0 0
1 30292 0 0
0 0 0 0
1065353216 1065353216 0 0
0 0 0 0
0 0 0 0
0 0 0 0
0 0 0 0
0 0 0 0
745.000000 106.000000 0.310000
0 0 1
0 22003 0.000000 0.000000 0.000000 0.000000
0 32723 0.007813 0.007813 0.000000 0.000000
0 1200 0.000000 0.000000 0.000000 0.000000
0 0 0.000000 0.000000 0.000000 0.000000
0 0 0.000000 0.000000 0.000000 0.000000
0 0
0 0 0 0
0 0 0 0
1396462304 22003 0 0
22003 1397424368 0 0
0 0 0 0
32723 2 0 0
0 0 0 0
22003 0 0 0
0 0 0 0
32723 1397474352 243 0
1 -1 0 8420 422
