3 36 1
0 0 0 9
1 5 1 7
2 1 2 3
2 4 2 5
3 0 3 2
3 4 3 5
3 6 3 7
4 3 4 4
4 7 4 8
5 1 5 2
5 6 5 8
6 2 6 4
6 6 6 7
6 8 6 9
7 3 7 6
7 8 7 9
8 2 8 5
8 6 8 8
0 0 9 0
4 1 8 1
0 2 1 2
3 2 4 2
6 2 9 2
1 3 5 3
0 4 3 4
5 4 6 4
3 5 4 5
5 5 6 5
1 6 2 6
4 6 5 6
6 6 8 6
2 7 4 7
7 7 8 7
1 8 4 8
9 0 9 9
0 9 9 9
382.000000 273.000000 -0.290000
3 0 1
1 3420 485.394517 173.517226 -0.958244 -0.285952
1 3560 539.056176 189.530550 -0.958244 -0.285952
1 3700 500.726420 205.543874 0.958244 -0.285952
0 0 0.000000 0.000000 0.000000 0.000000
0 0 0.000000 0.000000 0.000000 0.000000
0 0
0 0 0 0
0 0 0 0
0 0 0 0
0 0 0 0
0 0 0 0
0 0 0 0
0 0 0 0
0 0 0 0
0 0 0 0
0 0 0 0
270.000000 709.000000 5.790000
0 0 1
0 1000 0.000000 0.000000 0.000000 0.000000
0 5120 0.000000 0.000000 0.000000 0.000000
0 0 0.000000 0.000000 0.000000 0.000000
0 0 0.000000 0.000000 0.000000 0.000000
0 0 0.000000 0.000000 0.000000 0.000000
0 0
0 0 0 0
0 233 0 0
1 30292 0 0
0 0 0 0
1065353216 1065353216 0 0
0 0 0 0
0 0 0 0
0 0 0 0
0 0 0 0
0 0 0 0
231.000000 598.000000 5.560000
0 0 1
0 22003 0.000000 0.000000 0.000000 0.000000
0 32674 0.007813 0.007813 0.000000 0.000000
0 1200 0.000000 0.000000 0.000000 0.000000
0 0 0.000000 0.000000 0.000000 0.000000
0 0 0.000000 0.000000 0.000000 0.000000
0 0
0 0 0 0
0 0 0 0
-539984656 22003 0 0
22003 -540137456 0 0
0 0 0 0
32674 2 0 0
0 0 0 0
22003 0 0 0
0 0 0 0
32674 -539745744 243 0
1 -1 0 6040 303
